% mask_region = CDF_region_mask

function mask_region = CDF_region_mask

a1 = [
     0     0     0     0     0     0     0     0     0     0     0     0     0     0     0     0     0     0     0     0     0     0     0     0     0     0
     0     0     0     0     0     0     0     0     0     0     0     0     0     0     0     0     0     0     0     0     0     0     0     0     0     0
     0     0     0     0     0     0     0     0     0     0     0     0     0     0     0     0     0     0     0     0     0     0     0     0     0     0
     0     0     0     0     0     0     0     0     0     0     0     0     0     0     0     0     0     0     0     0     0     0     0     0     0     0
    16    16    16    16    16    16    16    16    16     0     0     0     0    16    16    16     0     0     0     0     0     0     0     0     0     0
    16    16    16    16    16    16    16    16    16    16    16    16    16    16    16    16    16    16    16    16    16    16    16    16    16    16
    15    15    15    15    15    15    15    15    15    15    15    15    15    15    15    15    15    15    15    15    15    15    15    15    15    15
    15    15    15    15    15    15    15    15    15    15    15    15    15    15    15    15    15    15    15    15    15    15    15    15    15    15
    15    15    15    15    15    15    15    15    15    15    15    15    15    15    15    15    15    15    15    15    15    15    15    15    15    15
    15    15    15    15    15    15    15    15    15    15    15    15    15    15    15    15    15    15    15    15    15    15    15    15    15    15
    12    12    12    12    13    13    13    13    13    13    13    13    13    13    13    13    13    13    13    13    13    13    13    13    13    13
    12    12    12    12     0     0    13    13    13    13    13    13    13    13    13    13    13    13    13    13    13    13    13     0     0    13
    12    12    12     0     0     0    13    13    13    13    13    13    13    13    13    13    13    13    13    13    13    13    13     0     0     0
    12    12    12     0     0     0     0    13    13     0    13    13    13    13    13    13    13    13    13    13    13    13    13     0     0     0
     7     7     0     0     0     0     0    11    11     0    11    11    11    11    11    11    11    11    11    11    11    11     8     8     0     0
     7     7     7     0     0     0     0     0    11    11    11    11    11    11    11    11    11    11    11    11    11    11     8     8     8     8
     7     7     7     0     0     0     0     0    11    11    11    11    11    11    11    11    11    11    11    11    11     0     0     8     8     8
     7     7     0     0     0     0     0     0    11    11    11    11    11    11    11    11    11    11    11    11     0    11     0     8     8     8
     7     7     0     0     0     0     0     0     0    11    11    11    11    11    11    11    11    11    11    11     0    11     0     0     8     8
     0     0     0     0     0     0     0     0     0     0    11    11    11    11    11    11    11    11    11    11    11    11     8     8     8     8
     0     0     0     0     0     0     0     0     0    11    11    11    11    11    11     0    11    11    11    11     0     0     8     8     8     8
     0     0     0     0     0     0     0     0     0     0     0    11    11    11    11     0     0    11    11     0     0    11     8     8     8     8
     0     0     0     0     0     0     0    11     0     0     0     0    11    11     0     0     0     0     0     0     0     0     0     2     2     2
     0     0     0     0     0     0     0     0     0     0     0     0     0     0     0     0     0     0     0     0     0     0     0     0     2     2
     0     0     0     6     0     6     6     0     0     0     0     0     0     0     0     0     0     0     0     0     0     0     0     0     0     2
     6     6     6     6     0     0     0     0     0     0   NaN     0     0     0     0     0     0     0     0     0     0     0     0     0     0     0
     0     6     0     6     0     0     6     6     0     0     0     0     0     0     0     0     0     0     0     0     0     0     0     0     0     0
     0     0     0     0     0     0     0     0     0     0   NaN     0     0     0     0     0     0     0     0     0     0     0     0     0     0     0
     4     0     0     0     0     0     0     0     0     0     0     0     0     0     0     0     0     0     0     0     0     0     0     0     0     0
     4     4     0     4     0     0     0     0     0     0     0     0     0     0     0     0     0     0     0     0     0     0     0     0     0     0
    17     0     0     0     0     0     0     0     0     0     0     0     0     0     0     0     0     0     0     0     0     0     0     0     0     0
    17    17    17     0     0     0     0     0    17    17     0     0     0     0     0     0     0     0     0     0     0     0     0     0     0     0
    17    17    17    17    17    17    17    17    17    17     0    17    17    17     0     0     0     0     0     0     0     0     0     0     0     0
    17    17    17     0     0    17    17    17    17    17    17    17    17    17    17    17    17    17     0    17     0    17    17    17    17    17
    17    17    17    17    17    17    17    17    17    17    17    17    17    17    17    17    17    17    17    17    17    17    17    17    17    17
    17    17    17    17    17    17    17    17    17    17    17    17    17    17    17    17    17    17    17    17    17    17    17    17    17    17];

